0 0.3203125 0.9853515625 0.37109375 0.9306640625 0.37109375 0.8994140625 0.3623046875 0.892578125 0.1005859375 0.83203125 0.0849609375 0.83203125 0.013671875 0.8701171875 0.017578125 0.8955078125 0.0361328125 0.908203125 0.2900390625 0.982421875
0 0.37109375 0.8408203125 0.412109375 0.8056640625 0.4091796875 0.771484375 0.1552734375 0.736328125 0.1337890625 0.73828125 0.087890625 0.7587890625 0.087890625 0.7861328125 0.0927734375 0.791015625 0.2802734375 0.830078125
0 0.41015625 0.7314453125 0.4453125 0.7099609375 0.4443359375 0.6796875 0.2080078125 0.65234375 0.1845703125 0.654296875 0.14453125 0.6689453125 0.14453125 0.6943359375 0.1513671875 0.69921875 0.3779296875 0.732421875
0 0.4453125 0.6416015625 0.47265625 0.6279296875 0.4697265625 0.599609375 0.2392578125 0.58203125 0.2001953125 0.587890625 0.19140625 0.5986328125 0.193359375 0.6162109375 0.2021484375 0.62109375 0.4072265625 0.642578125
0 0.478515625 0.5615234375 0.498046875 0.5556640625 0.4931640625 0.529296875 0.2900390625 0.521484375 0.2412109375 0.5234375 0.234375 0.5283203125 0.234375 0.5498046875 0.2431640625 0.5546875
0 0.51171875 0.4951171875 0.521484375 0.4912109375 0.5185546875 0.46875 0.2744140625 0.466796875 0.271484375 0.4716796875 0.271484375 0.4853515625 0.2783203125 0.4921875
0 0.494140625 0.4404296875 0.5341796875 0.439453125 0.5390625 0.4208984375 0.5322265625 0.4140625 0.5107421875 0.41015625 0.3447265625 0.412109375 0.3115234375 0.4140625 0.306640625 0.4189453125 0.306640625 0.4345703125 0.3271484375 0.44140625
0 0.365234375 0.3974609375 0.5517578125 0.390625 0.5546875 0.3720703125 0.5439453125 0.36328125 0.5283203125 0.361328125 0.3408203125 0.3671875 0.33203125 0.3720703125 0.3330078125 0.392578125
0 0.4140625 0.3525390625 0.5576171875 0.34765625 0.568359375 0.3427734375 0.568359375 0.3271484375 0.5517578125 0.31640625 0.5322265625 0.31640625 0.3896484375 0.32421875 0.359375 0.3310546875 0.357421875 0.3466796875 0.3623046875 0.3515625
0 0.4296875 0.3134765625 0.5732421875 0.30859375 0.580078125 0.3017578125 0.57421875 0.2802734375 0.5654296875 0.275390625 0.3955078125 0.2890625 0.380859375 0.2978515625 0.3857421875 0.314453125
0 0.435546875 0.2841796875 0.5244140625 0.2734375 0.5732421875 0.275390625 0.58984375 0.2626953125 0.5810546875 0.2421875 0.5615234375 0.2421875 0.4365234375 0.25390625 0.40625 0.2646484375 0.4072265625 0.279296875
0 0.466796875 0.2216796875 0.5693359375 0.208984375 0.6044921875 0.2109375 0.61328125 0.1982421875 0.6044921875 0.181640625 0.5869140625 0.181640625 0.4599609375 0.1953125 0.443359375 0.2021484375 0.44140625 0.2177734375 0.4462890625 0.22265625
0 0.470703125 0.1943359375 0.6103515625 0.1796875 0.6171875 0.1669921875 0.6123046875 0.15625 0.5908203125 0.15625 0.4677734375 0.171875 0.45703125 0.1787109375 0.455078125 0.1923828125
0 0.48828125 0.1689453125 0.6005859375 0.154296875 0.6220703125 0.15625 0.62890625 0.1494140625 0.6220703125 0.1328125 0.6025390625 0.1328125 0.4814453125 0.1484375 0.470703125 0.1552734375 0.4697265625 0.169921875
0 0.49609375 0.1474609375 0.6298828125 0.1328125 0.63671875 0.1201171875 0.6318359375 0.111328125 0.6103515625 0.111328125 0.4990234375 0.126953125 0.482421875 0.1416015625 0.4833984375 0.1484375
0 0.51171875 0.1259765625 0.6396484375 0.111328125 0.646484375 0.0986328125 0.6396484375 0.08984375 0.6279296875 0.08984375 0.5068359375 0.107421875 0.494140625 0.1259765625
0 0.64453125 0.1064453125 0.6484375 0.0908203125 0.642578125 0.0888671875 0.646484375 0.0771484375 0.6416015625 0.072265625 0.5166015625 0.08984375 0.5078125 0.0966796875 0.5087890625 0.107421875 0.5205078125 0.107421875 0.6376953125 0.08984375
0 0.40625 0.5302734375 0.4560546875 0.52734375 0.47265625 0.4931640625 0.357421875 0.4931640625 0.3720703125 0.529296875
0 0.46875 0.4716796875 0.484375 0.4638671875 0.4951171875 0.44140625 0.5263671875 0.44140625 0.53515625 0.4326171875 0.53125 0.4150390625 0.513671875 0.4111328125 0.509765625 0.4013671875 0.5146484375 0.396484375 0.5478515625 0.39453125 0.5625 0.3857421875 0.5625 0.3681640625 0.5517578125 0.369140625 0.537109375 0.3544921875 0.56640625 0.3466796875 0.56640625 0.3271484375 0.546875 0.3134765625 0.5732421875 0.310546875 0.583984375 0.2998046875 0.591796875 0.2392578125 0.6015625 0.2177734375 0.61328125 0.2080078125 0.61328125 0.1904296875 0.623046875 0.1826171875 0.623046875 0.1669921875 0.630859375 0.1591796875 0.646484375 0.1123046875 0.6484375 0.0791015625 0.6318359375 0.046875 0.5888671875 0.048828125 0.52734375 0.0654296875 0.44140625 0.2060546875 0.44140625 0.2197265625 0.42578125 0.2392578125 0.423828125 0.2568359375 0.408203125 0.2626953125 0.408203125 0.2861328125 0.3828125 0.2958984375 0.3828125 0.3076171875 0.404296875 0.3212890625 0.359375 0.3330078125 0.359375 0.3466796875 0.3701171875 0.357421875 0.412109375 0.3583984375 0.3994140625 0.359375 0.3974609375 0.365234375 0.3837890625 0.365234375 0.390625 0.3603515625 0.3798828125 0.359375 0.3740234375 0.3671875 0.3388671875 0.369140625 0.33203125 0.3759765625 0.333984375 0.3896484375 0.3544921875 0.400390625 0.4072265625 0.396484375 0.412109375 0.4111328125 0.3310546875 0.4140625 0.326171875 0.4169921875 0.34375 0.4208984375 0.3154296875 0.421875 0.3154296875 0.43359375 0.3291015625 0.439453125 0.3818359375 0.44140625 0.3955078125 0.47265625