0 0.1954515050167224 0.20712264150943394 0.16515050167224082 0.23438679245283017
0 0.35899665551839466 0.19603773584905662 0.12438127090301003 0.22995283018867924
0 0.5152508361204013 0.21004716981132077 0.112876254180602 0.2225943396226415
0 0.6746488294314381 0.2034433962264151 0.12438127090301003 0.2240566037735849
0 0.8063210702341137 0.2012264150943396 0.12020066889632107 0.237311320754717
0 0.7869899665551839 0.4665566037735849 0.11916387959866222 0.21080188679245282
0 0.6636789297658863 0.4591509433962264 0.10451505016722408 0.21962264150943397
0 0.5022073578595317 0.4503301886792453 0.10765886287625417 0.23438679245283017
0 0.37 0.4517924528301887 0.11080267558528428 0.23438679245283017
0 0.2293979933110368 0.4503301886792453 0.12856187290969898 0.24617924528301885
0 0.1797658862876254 0.7230188679245283 0.14214046822742474 0.2520754716981132
0 0.3736454849498328 0.712688679245283 0.09929765886287625 0.27858490566037736
0 0.5246822742474916 0.7237735849056603 0.08361204013377926 0.25943396226415094
0 0.675685618729097 0.7480660377358491 0.09929765886287625 0.24617924528301885
0 0.8246153846153846 0.7370283018867925 0.10244147157190635 0.27122641509433965