5 0.5007142857142857 0.7713613861386138 0.2773872180451128 0.34175742574257423
2 0.5202067669172933 0.9043069306930692 0.1743609022556391 0.18960396039603958
2 0.3604699248120301 0.6470544554455446 0.06791353383458647 0.10967821782178218
2 0.34236842105263154 0.7814356435643564 0.12360902255639099 0.2519059405940594
2 0.582875939849624 0.6516584158415841 0.06789473684210526 0.10784653465346535
2 0.36464285714285716 0.7273267326732673 0.1013157894736842 0.18767326732673265
2 0.59296992481203 0.7337376237623763 0.08530075187969925 0.211509900990099
2 0.6399624060150375 0.8016089108910892 0.12080827067669173 0.24824257425742577
4 0.8769360902255638 0.6456930693069307 0.23201127819548872 0.12344059405940594
4 0.8675375939849623 0.7612623762376238 0.25915413533834586 0.2775742574257426
3 0.6493421052631578 0.5210148514851486 0.06443609022556392 0.3361138613861386