0 0.658484375 0.8687318087318088 0.109375 0.22274428274428273
0 0.8365 0.7833471933471934 0.126109375 0.39945945945945943
0 0.9525625 0.870956340956341 0.09040625 0.2390852390852391
0 0.8537968749999999 0.4061538461538462 0.055796875 0.2598752598752599
0 0.9453125 0.4002079002079002 0.08259375 0.23313929313929313
0 0.7505625 0.39945945945945943 0.079234375 0.2465072765072765
0 0.536265625 0.43214137214137216 0.12165625 0.2702702702702703
0 0.46484375 0.7484407484407485 0.077015625 0.3445114345114345
0 0.561390625 0.7855717255717256 0.080359375 0.32669438669438666
0 0.64453125 0.6526611226611226 0.077015625 0.18858627858627858
0 0.106578125 0.06831600831600831 0.110484375 0.12176715176715176
0 0.20256249999999998 0.062370062370062374 0.0546875 0.12176715176715176
0 0.275109375 0.07276507276507277 0.05915625 0.11286902286902287
0 0.0625 0.7825987525987527 0.118296875 0.34748440748440745
0 0.1484375 0.7803742203742204 0.084828125 0.31629937629937627