16 0.8013392857142857 0.5379464285714286 0.10267857142857142 0.10267857142857142
3 0.5580357142857143 0.5892857142857143 0.03571428571428571 0.16964285714285715
3 0.5290178571428571 0.6004464285714286 0.03125 0.18303571428571427
3 0.3861607142857143 0.609375 0.07589285714285714 0.19196428571428573
15 0.12276785714285714 0.6138392857142857 0.16517857142857142 0.6383928571428571
15 0.24107142857142858 0.6160714285714286 0.044642857142857144 0.5535714285714286
3 0.39285714285714285 0.6227678571428571 0.07142857142857142 0.15625
3 0.5825892857142857 0.625 0.022321428571428572 0.21428571428571427
15 0.25892857142857145 0.6339285714285714 0.05357142857142857 0.08928571428571429
3 0.6495535714285714 0.6584821428571429 0.049107142857142856 0.2544642857142857
16 0.5334821428571429 0.6785714285714286 0.29910714285714285 0.3392857142857143
3 0.7120535714285714 0.6919642857142857 0.049107142857142856 0.3125
3 0.4263392857142857 0.6986607142857143 0.12946428571428573 0.29017857142857145
3 0.6227678571428571 0.7589285714285714 0.12946428571428573 0.35714285714285715
3 0.45535714285714285 0.7633928571428571 0.15178571428571427 0.3392857142857143