0 0.30859375 0.19627463054187191 0.2265625 0.11545566502463055
0 0.673828125 0.20551108374384236 0.16796875 0.14932266009852216
0 0.171875 0.4348830049261084 0.1953125 0.18318965517241378
0 0.470703125 0.4579741379310345 0.16796875 0.13392857142857142
0 0.7890625 0.44258004926108374 0.1875 0.16779556650246305
0 0.16796875 0.6596366995073891 0.1796875 0.11237684729064039
0 0.51171875 0.6527093596059114 0.1796875 0.12315270935960591
0 0.8203125 0.6627155172413793 0.203125 0.1062192118226601
0 0.166015625 0.8697660098522167 0.17578125 0.16625615763546797
0 0.4921875 0.8674568965517241 0.1796875 0.1647167487684729
0 0.81640625 0.9036330049261084 0.234375 0.09236453201970443