0 0.178390625 0.08469422911283377 0.1953125 0.14929371231696814
0 0.489578125 0.08469422911283377 0.234375 0.1521705426356589
0 0.8411406250000001 0.0911541774332472 0.197921875 0.15647717484926787
0 0.501296875 0.2713178294573643 0.2109375 0.15790697674418605
0 0.182296875 0.2777777777777778 0.135421875 0.14786391042204994
0 0.8137968750000001 0.2713178294573643 0.127609375 0.12919896640826872
0 0.8346406249999999 0.45650301464254955 0.1640625 0.16652024117140396
0 0.50390625 0.46009474590869937 0.122390625 0.1507321274763135
0 0.171875 0.45650301464254955 0.171875 0.13206718346253232
0 0.174484375 0.6452799310938846 0.1875 0.15647717484926787
0 0.486984375 0.6459948320413437 0.171875 0.10335917312661498
0 0.8151093749999999 0.6538931955211025 0.140625 0.14498708010335917
0 0.484375 0.8254349698535746 0.15625 0.12058570198105081
0 0.186203125 0.8397932816537468 0.184890625 0.14929371231696814
0 0.8112031249999999 0.8304651162790697 0.153640625 0.11627906976744186