0 0.057466666666666666 0.4922321428571429 0.11493333333333333 0.9480803571428572
0 0.16075555555555557 0.51125 0.10257777777777777 0.9563839285714285
0 0.2772 0.5000892857142857 0.11324444444444445 0.9390178571428571
0 0.38622222222222224 0.48562500000000003 0.15844444444444444 0.9447767857142857
0 0.7293333333333333 0.39950892857142856 0.4792444444444444 0.04830357142857143
0 0.7198666666666667 0.4838392857142857 0.47515555555555555 0.06821428571428571
0 0.7207111111111111 0.5640625 0.4570222222222222 0.06991071428571428
0 0.7215111111111111 0.6459374999999999 0.4685777777777778 0.055089285714285716
0 0.7314222222222222 0.7195089285714286 0.45866666666666667 0.06339285714285714
0 0.7223555555555555 0.7955803571428571 0.4504444444444444 0.05678571428571429
0 0.7330222222222222 0.8774553571428572 0.48173333333333335 0.07174107142857143
0 0.7223555555555555 0.9609821428571428 0.4603555555555556 0.07013392857142857