2 0.04487544483985765 0.1824581005586592 0.06975088967971531 0.19245810055865922
2 0.6662989323843416 0.26430167597765364 0.08765124555160142 0.11502793296089385
2 0.15597864768683273 0.48055865921787705 0.2694661921708185 0.3298882681564246
2 0.813950177935943 0.6932960893854748 0.36996441281138787 0.5437430167597765
2 0.1712455516014235 0.23201117318435754 0.25135231316725976 0.25033519553072625
4 0.5548398576512455 0.4883798882681564 0.44537366548042706 0.3181005586592179
2 0.6066548042704626 0.2775418994413408 0.10701067615658363 0.08860335195530726
2 0.4359430604982206 0.2310055865921788 0.08398576512455516 0.1424581005586592
2 0.5317793594306051 0.21284916201117318 0.03213523131672598 0.13558659217877095
2 0.7736654804270463 0.3305027932960894 0.11508896797153026 0.18273743016759778
3 0.21402135231316727 0.12368715083798883 0.10839857651245552 0.24731843575418996
5 0.48370106761565834 0.2422905027932961 0.05587188612099644 0.08854748603351956