2 0.7577818181818181 0.6189071038251367 0.30796363636363633 0.6142076502732241
2 0.218 0.7080327868852458 0.33134545454545455 0.5426775956284153
2 0.37178181818181816 0.2451366120218579 0.11836363636363635 0.2237704918032787
2 0.7628 0.17846994535519123 0.1560363636363636 0.14224043715846996
5 0.3940727272727273 0.6600546448087432 0.5457090909090909 0.6798360655737705
5 0.7015272727272727 0.3731693989071039 0.31087272727272725 0.3705464480874317
5 0.567890909090909 0.3309836065573771 0.33836363636363637 0.320655737704918
3 0.22505454545454545 0.1943169398907104 0.1617818181818182 0.36377049180327864
3 0.9728867234225477 0.018214932590645883 0.9067119479846565 0.418416813746782 0.9985458331990031 0.46829864283010814 1 0.007851259979001738 0.9819645804223569 0.0001771222942552596
3 0.9730363752278667 0.0040141691807863466 0.9067119479846565 0.40115003688986567 0.7766141093589549 0.31673474191607515 0.8199800944917474 0
3 0.14417858945125592 0.0009586771980660861 0.19244934347365839 0.42225390454499756 0.058525097829553945 0.4874839211744481 0.0024043837111933767 0.22080817454763849 0 0.0020956676933629164
5 0.058290909090909095 0.6148087431693989 0.11654545454545454 0.2383606557377049