4 0.506 0.7543715846994536 0.6547636363636363 0.316120218579235
5 0.5053818181818182 0.9060109289617487 0.4544727272727273 0.18797814207650274
2 0.07207272727272727 0.9365573770491803 0.14414545454545455 0.116775956284153
0 0.08156363636363637 0.2522950819672131 0.09294545454545454 0.11158469945355193
5 0.7564 0.44409836065573766 0.19476363636363636 0.09251366120218579
4 0.7461818181818182 0.366448087431694 0.3810181818181818 0.1787431693989071
5 0.20432727272727272 0.36256830601092893 0.1739272727272727 0.056010928961748634
4 0.23413074256130378 0.48700987075573066 0.11528675119850464 0.4807673684793925 0.12293956523531062 0.3867593025983791 0.2402827916481187 0.36565552276661584 0.4290521267075491 0.3138551921958663 0.49792745303880276 0.3138551921958663 0.4928256548627156 0.4922785530506703
5 0.22156363636363635 0.32327868852459013 0.047599999999999996 0.06939890710382514
5 0.27803636363636364 0.3079234972677596 0.049527272727272725 0.061748633879781425
2 0.44770909090909095 0.2815846994535519 0.09341818181818182 0.08377049180327868
2 0.36094545454545457 0.296448087431694 0.0832 0.10775956284153004
2 0.3265090909090909 0.2892349726775956 0.06021818181818182 0.06459016393442624
2 0.9778181818181817 0.3481967213114754 0.04432727272727272 0.1422950819672131
2 0.9649818181818182 0.3179781420765027 0.06076363636363637 0.12218579234972678