0 0.12339144215530903 0.8377916666666666 0.09282091917591125 0.16070833333333334
0 0.19922345483359746 0.7633958333333334 0.09508716323296355 0.17856249999999999
0 0.30280507131537243 0.5952291666666666 0.15735340729001585 0.24404166666666666
0 0.4075118858954041 0.7752916666666666 0.20148969889064977 0.36904166666666666
0 0.5258161648177496 0.50075 0.1301743264659271 0.4449375
0 0.3911093502377179 0.4047708333333333 0.1324405705229794 0.38095833333333334
0 0.6469255150554675 0.4404791666666667 0.11659270998415212 0.3243958333333333
0 0.5258161648177496 0.21206250000000001 0.10074484944532489 0.3407708333333333
0 0.7640887480190174 0.24404166666666666 0.08377179080824089 0.36904166666666666
0 0.8478605388272583 0.41964583333333333 0.09735340729001585 0.19345833333333334
0 0.8959746434231379 0.34375 0.10301109350237718 0.17560416666666667
0 0.6435340729001585 0.8154791666666666 0.11432646592709984 0.1875
0 0.7590015847860538 0.62575 0.08036450079239303 0.266375
0 0.6820285261489699 0.21206250000000001 0.06904912836767037 0.15327083333333333
0 0.635039619651347 0.23810416666666667 0.0747068145800317 0.21131250000000001